 5.27628292 2.76403101 1.99912351 1.84313001 1.54972657
 5.41760332 2.61010341 1.58417022 1.70844629 1.38407924
 5.73895165 2.86184186 1.74706223 1.65943968 1.3463733 
 4.50389414 2.66339009 1.41185746 1.49697495 1.32535828
 5.97574992 2.68856123 1.42995469 1.58178014 1.46799445
 4.60307142 2.64133125 1.77559915 1.55600127 1.38317453
 4.76167169 2.18910183 1.30119238 1.69638009 1.41502009
 5.56444319 2.90927036 1.79605984 1.65492902 1.46887069
 6.3864069  2.50814764 1.69123383 2.00694404 1.65545   
 5.41989792 2.09218019 1.72496647 1.52047642 1.49051624
 5.56088402 2.74775235 1.47749015 1.468062   1.30925465
 5.101659   2.34615507 1.78110067 1.66119818 1.63343733
 4.50947469 2.62186124 1.8020463  1.59229761 1.50546112
 5.42285547 2.94683865 1.93141557 1.76740143 1.54130679
 5.37523529 2.23322513 1.65992329 1.48466749 1.53227694
 5.59025903 2.99328179 1.36121344 1.76856256 1.42897231
 4.92722528 2.48077732 1.61183256 1.66184083 1.50905986
 5.45197286 2.63980321 1.82319973 1.50958172 1.6835549 
 5.09584919 2.23237372 1.90730644 1.60300488 1.61293527
 6.01281633 2.7428835  1.45784589 1.74497518 1.54761396